author
report
relev
conflict
interest
relat
work
